4295854696 8861 0 32000000
4295854710 19934 0 72000000
4295854724 15531 0 76000000
4295854738 10240 0 96000000
4295854752 20858 0 72000000
4295854766 12033 0 108000000
4295854780 14505 0 56000000
4295854794 0 0 0
4295854808 0 0 0
4295854822 0 0 0
4295854836 0 0 0
4295854850 0 0 0
4295854864 0 0 0
4295854878 0 0 0
4295854892 0 0 0
4295854906 0 0 0
4295854920 0 0 0
4295854934 0 0 0
4295854948 0 0 0
4295854962 0 0 0
4295854976 0 0 0
4295854990 0 0 0
4295855004 623 0 4000000
4295855018 6981 0 40000000
4295855032 15365 0 68000000
4295855046 18337 0 64000000
4295855060 24567 0 76000000
4295855074 15791 0 52000000
4295855088 0 0 0
4295855102 0 0 0
4295855116 0 0 0
4295855130 0 0 0
4295855144 0 0 0
4295855158 0 0 0
4295855172 0 0 0
4295855186 0 0 0
4295855200 0 0 0
4295855214 0 0 0
4295855228 0 0 0
4295855242 0 0 0
4295855256 0 0 0
4295855271 5595 0 24000000
4295855285 452 0 0
4295855299 6047 0 28000000
4295855313 8549 0 32000000
4295855327 18280 0 80000000
4295855341 11537 0 76000000
4295855355 10563 0 80000000
4295855369 3616 0 80000000
4295855383 1436 0 72000000
4295855397 442 0 52000000
4295855411 0 0 0
4295855425 0 0 0
4295855439 0 0 0
4295855453 0 0 0
4295855467 0 0 0
4295855481 0 0 0
4295855495 0 0 0
4295855509 0 0 0
4295855523 30 0 4000000
4295855537 83 0 40000000
4295855551 164 0 64000000
4295855565 356 0 64000000
4295855579 1690 0 72000000
4295855593 1542 0 60000000
4295855607 399 0 44000000
4295855621 967 0 60000000
4295855635 849 0 64000000
4295855649 195 0 52000000
4295855663 104 0 36000000
4295855677 285 0 44000000
4295855691 484 0 48000000
4295855705 3210 0 104000000
4295855719 1718 0 72000000
4295855733 897 0 72000000
4295855747 1593 0 88000000
4295855761 825 0 104000000
4295855775 328 0 96000000
4295855789 1818 0 112000000
4295855803 1577 0 112000000
4295855817 1495 0 96000000
4295855831 1819 0 88000000
4295855845 1374 0 72000000
4295855859 2072 0 100000000
4295855873 855 0 72000000
4295855887 1806 0 76000000
4295855901 2926 0 72000000
4295855915 1812 0 56000000
4295855929 2526 0 72000000
4295855943 1597 0 64000000
4295855957 2001 0 96000000
4295855971 2783 0 84000000
4295855987 549 0 72000000
4295855999 1084 0 80000000
4295856013 1073 0 76000000
4295856027 1724 0 88000000
4295856041 1989 0 68000000
4295856055 527 0 60000000
4295856069 1447 0 100000000
4295856083 965 0 88000000
4295856097 785 0 72000000
4295856111 1554 0 96000000
4295856125 1102 0 100000000
4295856139 626 0 40000000
4295856153 0 0 0
4295856167 0 0 0
4295856182 0 0 0
4295856196 0 0 0
4295856210 140 0 8000000
4295856224 3757 0 76000000
4295856238 1714 0 76000000
4295856252 797 0 40000000
4295856266 794 0 48000000
4295856280 671 0 48000000
4295856294 1260 0 56000000
4295856308 2373 0 60000000
4295856322 2393 0 52000000
4295856336 3255 0 76000000
4295856350 3048 0 88000000
4295856364 1744 0 60000000
4295856378 526 0 56000000
4295856392 2091 0 80000000
4295856406 4745 0 72000000
4295856420 2059 0 56000000
4295856434 1245 0 60000000
4295856448 1225 0 48000000
4295856462 2584 0 80000000
4295856476 603 0 56000000
4295856491 764 0 92000000
4295856504 1388 0 52000000
4295856519 893 0 64000000
4295856533 1435 0 64000000
4295856547 2814 0 88000000
4295856561 1452 0 48000000
4295856575 1752 0 48000000
4295856589 2444 0 72000000
4295856603 2897 0 60000000
4295856618 2497 0 56000000
4295856633 929 0 44000000
4295856647 2153 0 48000000
4295856660 2982 0 48000000
4295856674 866 0 12000000
4295856688 1105 0 28000000
4295856702 2222 0 32000000
4295856716 237 0 4000000
4295856730 2523 0 52000000
4295856744 789 0 16000000
4295856758 0 0 0
4295856772 0 0 0
4295856786 0 0 0
4295856800 2920 0 44000000
4295856814 2584 0 52000000
4295856829 3529 0 44000000
4295856843 1692 0 32000000
4295856857 3533 0 68000000
4295856871 2973 0 48000000
4295856886 2135 0 36000000
4295856901 0 0 0
4295856916 2307 0 48000000
4295856931 4124 0 68000000
4295856945 1393 0 48000000
4295856959 1776 0 40000000
4295856979 1210 0 44000000
4295856990 1016 0 24000000
4295857004 1284 0 44000000
4295857018 590 0 36000000
4295857032 335 0 4000000
4295857046 0 0 0
4295857060 0 0 0
4295857074 320 0 12000000
4295857088 1218 0 76000000
4295857103 1640 0 68000000
4295857119 758 0 60000000
4295857132 712 0 44000000
4295857146 1094 0 68000000
4295857160 2103 0 68000000
4295857174 1425 0 56000000
4295857188 1436 0 68000000
4295857203 2715 0 60000000
4295857217 2484 0 60000000
4295857231 3868 0 68000000
4295857246 1554 0 44000000
4295857261 3791 0 72000000
4295857276 1119 0 20000000
4295857290 1196 0 32000000
4295857304 0 0 0
4295857318 0 0 0
4295857332 0 0 0
4295857346 0 0 0
4295857360 0 0 0
4295857374 0 0 0
4295857388 0 0 0
4295857402 0 0 0
4295857416 1290 0 44000000
4295857430 1025 0 28000000
4295857444 0 0 0
4295857458 0 0 0
4295857472 1208 0 68000000
4295857489 1488 0 60000000
4295857500 1075 0 44000000
4295857514 1422 0 60000000
4295857528 2676 0 76000000
4295857542 1111 0 48000000
4295857556 2111 0 52000000
4295857570 2110 0 56000000
4295857584 2062 0 84000000
4295857598 1829 0 72000000
4295857612 1614 0 84000000
4295857626 1357 0 40000000
4295857640 0 0 0
4295857654 0 0 0
4295857669 0 0 0
4295857684 835 0 24000000
4295857698 1039 0 32000000
4295857712 0 0 0
4295857726 0 0 0
4295857740 0 0 0
4295857754 0 0 0
4295857768 0 0 0
4295857782 0 0 0
4295857796 1602 0 20000000
4295857810 0 0 0
4295857824 0 0 0
4295857838 2128 0 44000000
4295857852 2291 0 56000000
4295857866 2586 0 72000000
4295857880 1675 0 76000000
4295857894 1174 0 64000000
4295857908 1507 0 76000000
4295857922 1744 0 60000000
4295857936 757 0 44000000
4295857950 879 0 44000000
4295857964 1316 0 36000000
4295857978 514 0 20000000
4295857992 265 0 12000000
4295858006 0 0 0
4295858020 0 0 0
4295858034 0 0 0
4295858048 1228 0 32000000
4295858062 24 0 0
4295858076 0 0 0
4295858090 0 0 0
4295858104 147 0 4000000
4295858118 2423 0 52000000
4295858132 284 0 12000000
4295858146 486 0 32000000
4295858160 813 0 36000000
4295858174 766 0 40000000
4295858188 1328 0 56000000
4295858202 1213 0 52000000
4295858217 720 0 36000000
4295858230 1792 0 56000000
4295858244 1511 0 60000000
4295858258 1899 0 84000000
4295858272 188 0 0
4295858286 0 0 0
4295858300 158 0 8000000
4295858314 824 0 16000000
4295858328 0 0 0
4295858342 0 0 0
4295858356 0 0 0
4295858370 1070 0 24000000
4295858384 1164 0 40000000
4295858399 0 0 0
4295858413 0 0 0
4295858427 0 0 0
4295858441 774 0 44000000
4295858455 845 0 52000000
4295858469 615 0 40000000
4295858484 227 0 24000000
4295858498 1717 0 40000000
4295858512 1275 0 52000000
4295858526 1198 0 64000000
4295858541 816 0 80000000
4295858556 929 0 44000000
4295858569 375 0 32000000
4295858583 519 0 52000000
4295858597 3 0 0
4295858611 0 0 0
4295858626 193 0 12000000
4295858640 917 0 40000000
4295858655 769 0 44000000
4295858670 0 0 0
4295858684 0 0 0
4295858698 494 0 12000000
4295858713 403 0 8000000
4295858727 588 0 36000000
4295858741 394 0 12000000
4295858755 816 0 32000000
4295858769 604 0 28000000
4295858783 459 0 20000000
4295858797 1591 0 36000000
4295858811 1152 0 24000000
4295858825 845 0 36000000
4295858839 157 0 12000000
4295858853 564 0 12000000
4295858867 0 0 0
4295858881 0 0 0
4295858895 0 0 0
4295858910 1232 0 52000000
4295858924 386 0 32000000
4295858938 0 0 0
4295858952 0 0 0
4295858966 721 0 24000000
4295858980 0 0 0
4295858996 897 0 44000000
4295859009 185 0 8000000
4295859023 712 0 28000000
4295859037 721 0 20000000
4295859051 655 0 40000000
4295859065 513 0 52000000
4295859079 578 0 52000000
4295859094 784 0 60000000
4295859108 455 0 36000000
4295859122 462 0 36000000
4295859137 58 0 8000000
4295859150 0 0 0
4295859164 2 0 4000000
4295859178 1340 0 72000000
4295859192 0 0 0
4295859207 0 0 0
4295859221 621 0 32000000
4295859235 0 0 0
4295859249 499 0 24000000
4295859263 222 0 8000000
4295859277 721 0 16000000
4295859291 481 0 36000000
4295859305 140 0 12000000
4295859319 53 0 8000000
4295859333 833 0 80000000
4295859347 780 0 52000000
4295859361 197 0 8000000
4295859375 547 0 40000000
4295859389 493 0 44000000
4295859403 62 0 4000000
4295859417 0 0 0
4295859431 413 0 36000000
4295859445 689 0 36000000
4295859459 0 0 0
4295859473 331 0 20000000
4295859487 150 0 8000000
4295859501 0 0 0
4295859515 621 0 24000000
4295859530 621 0 12000000
4295859544 0 0 0
4295859558 481 0 20000000
4295859573 0 0 0
4295859587 301 0 12000000
4295859601 661 0 24000000
4295859615 481 0 16000000
4295859629 121 0 4000000
4295859643 679 0 16000000
4295859657 79 0 0
4295859671 0 0 0
4295859685 0 0 0
4295859700 879 0 40000000
4295859713 0 0 0
4295859727 47 0 8000000
4295859741 351 0 24000000
4295859755 0 0 0
4295859769 481 0 24000000
4295859783 481 0 16000000
4295859797 0 0 0
4295859811 398 0 16000000
4295859825 0 0 0
4295859839 0 0 0
4295859853 549 0 44000000
4295859868 645 0 28000000
4295859883 192 0 8000000
4295859897 553 0 16000000
4295859911 0 0 0
4295859925 0 0 0
4295859939 0 0 0
4295859953 745 0 24000000
4295859967 0 0 0
4295859981 0 0 0
4295859995 347 0 20000000
4295860009 0 0 0
4295860023 8 0 12000000
4295860037 788 0 28000000
4295860051 0 0 0
4295860065 347 0 12000000
4295860080 0 0 0
4295860094 0 0 0
4295860108 469 0 32000000
4295860122 572 0 36000000
4295860137 193 0 12000000
4295860152 403 0 12000000
4295860166 0 0 0
4295860180 0 0 0
4295860194 0 0 0
4295860208 596 0 32000000
4295860222 0 0 0
4295860236 0 0 0
4295860250 249 0 20000000
4295860264 0 0 0
4295860278 0 0 0
4295860292 694 0 16000000
4295860306 0 0 0
4295860320 249 0 4000000
4295860334 0 0 0
4295860348 0 0 0
4295860363 249 0 4000000
4295860377 498 0 16000000
4295860391 166 0 12000000
4295860405 320 0 4000000
4295860419 0 0 0
4295860433 0 0 0
4295860447 0 0 0
4295860461 486 0 12000000
4295860475 0 0 0
4295860489 0 0 0
4295860503 237 0 12000000
4295860518 0 0 0
4295860532 0 0 0
4295860546 498 0 16000000
4295860560 237 0 4000000
4295860575 0 0 0
4295860589 0 0 0
4295860603 0 0 0
4295860617 474 0 16000000
4295860631 237 0 4000000
4295860645 237 0 4000000
4295860660 0 0 0
4295860674 0 0 0
4295860688 0 0 0
4295860702 19 0 4000000
4295860717 218 0 4000000
4295860731 0 0 0
4295860745 0 0 0
4295860759 0 0 0
4295860773 0 0 0
4295860787 47 0 4000000
4295860801 427 0 8000000
4295860816 0 0 24000000
4295860830 0 0 0
4295860844 0 0 0
4295860858 0 0 0
4295860872 0 0 0
4295860886 0 0 0
4295860900 0 0 28000000
4295860914 0 0 0
4295860928 0 0 0
4295860942 0 0 0
4295860956 0 0 12000000
4295860970 0 0 0
4295860984 0 0 0
4295860998 0 0 0
4295861012 0 0 0
4295861026 0 0 0
4295861040 0 0 8000000
read 451 profiled data
